
     55.0889    154.2420    608.9300    105.2632    -80.0000    177.0000     10.0000      9.0000     25.9622
     55.0215    154.2480    608.9300    105.2632    -72.0000    177.0000     10.0000      8.0000     25.2506
     54.9541    154.2540    608.9300      0.0000    -74.0000    177.0000     10.0000      8.0000     19.5329
     54.8867    154.2610    608.9300      0.0000   -100.0000    177.0000     10.0000      4.0000     21.7858
     54.8193    154.2670    608.9300      0.0000   -104.0000    177.0000     10.0000      1.0000     18.3691
     54.7519    154.2730    608.9300      0.0000   -102.0000    177.0000     10.0000      4.0000     20.8059
     54.6845    154.2790    608.9300    105.2632    -70.0000    177.0000     10.0000      7.0000     19.8514
     54.6171    154.2860    608.9300    210.5263    -70.0000    177.0000     10.0000      2.0000     15.1706
     54.5497    154.2920    608.9300    105.2632    -70.0000    177.0000     10.0000      2.0000     15.1248
     54.4823    154.2980    608.9300      0.0000    -80.0000    177.0000     10.0000      4.0000     15.2739
     54.4149    154.3040    608.9300      0.0000   -108.0000    177.0000     10.0000      7.0000     18.1703
     54.3475    154.3110    608.9300      0.0000   -100.0000    177.0000     10.0000      6.0000     16.7365
     54.2801    154.3170    608.9300      0.0000    -80.0000    177.0000     10.0000      8.0000     17.6482
     54.2127    154.3230    608.9300      0.0000    -80.0000    177.0000     10.0000      2.0000     15.0664
     54.1453    154.3290    608.9300      0.0000    -76.0000    177.0000     10.0000      1.0000     19.0744
     55.0854    154.1250    610.2320    105.2632    -70.0000    177.0000     10.0000      9.0000     23.2776
     55.0180    154.1310    610.2320    173.6842    -70.0000    177.0000     10.0000      3.0000     24.6248
     54.9506    154.1370    610.2320    115.7895   -108.0000    177.0000     10.0000      2.0000     19.8413
     54.8832    154.1440    610.2320    115.7895   -110.0000    177.0000     10.0000      3.0000     17.5856
     54.8158    154.1500    610.2320    115.7895   -108.0000    177.0000     10.0000      2.0000     17.3865
     54.7484    154.1560    610.2320    115.7895   -108.0000    177.0000     10.0000      3.0000     17.2941
     54.6810    154.1620    610.2320    231.5789    -72.0000    177.0000     10.0000      2.0000     17.3568
     54.6136    154.1680    610.2320    347.3684    -70.0000    177.0000     10.0000      2.0000     14.6963
     54.5462    154.1750    610.2320    173.6842    -84.0000    177.0000     10.0000     10.0000     14.1687
     54.4788    154.1810    610.2320    115.7895   -110.0000    177.0000     10.0000      2.0000     12.4792
     54.4114    154.1870    610.2320    115.7895   -108.0000    177.0000     10.0000      2.0000     14.6185
     54.3440    154.1930    610.2320    115.7895   -110.0000    177.0000     10.0000      2.0000     14.3884
     54.2766    154.2000    610.2320    173.6842   -110.0000    177.0000     10.0000      2.0000     14.0159
     54.2092    154.2060    610.2320    231.5789    -98.0000    177.0000     10.0000      2.0000     13.8802
     54.1418    154.2120    610.2320    210.5263    -98.0000    177.0000     10.0000      2.0000     15.8594
     55.0820    154.0080    611.5350    105.2632    -72.0000    177.0000     10.0000      7.0000     21.5581
     55.0146    154.0140    611.5350    115.7895    -70.0000    177.0000     10.0000      5.0000     23.2909
     54.9472    154.0200    611.5350      0.0000    -94.0000    177.0000     10.0000      2.0000     17.6287
     54.8798    154.0260    611.5350      0.0000   -108.0000    177.0000     10.0000      1.0000     19.3968
     54.8124    154.0330    611.5350    105.2632   -110.0000    177.0000     10.0000      2.0000     15.1248
     54.7450    154.0390    611.5350    105.2632   -110.0000    177.0000     10.0000      2.0000     14.8110
     54.6776    154.0450    611.5350    315.7895    -70.0000    177.0000     10.0000      2.0000     14.6185
     54.6102    154.0510    611.5350    421.0526    -78.0000    177.0000     10.0000      2.0000     11.9849
     54.5428    154.0580    611.5350    315.7895   -110.0000    177.0000     10.0000      3.0000     12.3841
     54.4753    154.0640    611.5350    210.5263   -108.0000    177.0000     10.0000      2.0000     12.0376
     54.4079    154.0700    611.5350    210.5263    -90.0000    177.0000     10.0000      2.0000     11.6434
     54.3405    154.0760    611.5350    210.5263   -100.0000    177.0000     10.0000      2.0000     11.5360
     54.2731    154.0830    611.5350    210.5263   -110.0000    177.0000     10.0000      2.0000     14.2377
     54.2057    154.0890    611.5350    231.5789    -94.0000    177.0000     10.0000      2.0000     13.7521
     54.1383    154.0950    611.5350    105.2632   -104.0000    177.0000     10.0000      2.0000     16.0752
     55.0785    153.8910    612.8370    105.2632    -72.0000    177.0000     10.0000     10.0000     23.9195
     55.0111    153.8970    612.8370    115.7895   -104.0000    177.0000     10.0000      2.0000     17.1109
     54.9437    153.9030    612.8370      0.0000    -88.0000    177.0000     10.0000      3.0000     17.9835
     54.8763    153.9090    612.8370      0.0000   -102.0000    177.0000     10.0000      6.0000     14.7855
     54.8089    153.9160    612.8370      0.0000    -86.0000    177.0000     10.0000      9.0000     13.1737
     54.7415    153.9220    612.8370    105.2632   -110.0000    177.0000     10.0000      2.0000     12.3406
     54.6741    153.9280    612.8370    210.5263   -110.0000    177.0000     10.0000      2.0000     12.5969
     54.6067    153.9340    612.8370    210.5263    -70.0000    177.0000     10.0000      3.0000     11.0069
     54.5393    153.9400    612.8370    105.2632   -110.0000    177.0000     10.0000      3.0000     12.3327
     54.4719    153.9470    612.8370      0.0000    -76.0000    177.0000     10.0000      4.0000      9.9360
     54.4045    153.9530    612.8370      0.0000    -80.0000    177.0000     10.0000      4.0000     11.0507
     54.3371    153.9590    612.8370      0.0000    -70.0000    177.0000     10.0000      3.0000     11.3208
     54.2697    153.9650    612.8370      0.0000    -82.0000    177.0000     10.0000      6.0000     10.3567
     54.2023    153.9720    612.8370    115.7895    -70.0000    177.0000     10.0000      2.0000     13.2236
     54.1349    153.9780    612.8370      0.0000   -110.0000    177.0000     10.0000     10.0000     14.8520
     55.0750    153.7730    614.1390      0.0000    -94.0000    177.0000     10.0000      4.0000     19.2214
     55.0076    153.7800    614.1390     57.8947   -110.0000    177.0000     10.0000      2.0000     17.1483
     54.9402    153.7860    614.1390      0.0000    -88.0000    177.0000     10.0000      4.0000     19.1490
     54.8728    153.7920    614.1390      0.0000   -110.0000    177.0000     10.0000      2.0000     15.8036
     54.8054    153.7980    614.1390    105.2632   -110.0000    177.0000     10.0000      2.0000     14.2238
     54.7380    153.8050    614.1390    210.5263   -104.0000    177.0000     10.0000      2.0000     12.0376
     54.6706    153.8110    614.1390    210.5263   -110.0000    177.0000     10.0000      3.0000      9.6982
     54.6032    153.8170    614.1390    105.2632    -78.0000    177.0000     10.0000      5.0000      9.1913
     54.5358    153.8230    614.1390      0.0000    -76.0000    177.0000     10.0000      1.0000      9.9942
     54.4684    153.8300    614.1390      0.0000    -78.0000    177.0000     10.0000      8.0000      8.8871
     54.4010    153.8360    614.1390      0.0000    -84.0000    177.0000     10.0000      6.0000      8.7797
     54.3336    153.8420    614.1390      0.0000    -72.0000    177.0000     10.0000     10.0000      9.3741
     54.2662    153.8480    614.1390      0.0000    -96.0000    177.0000     10.0000      9.0000      9.8009
     54.1988    153.8550    614.1390      0.0000    -78.0000    177.0000     10.0000      9.0000     10.8135
     54.1314    153.8610    614.1390      0.0000    -96.0000    177.0000     10.0000      7.0000     12.0579
     55.0715    153.6560    615.4420      0.0000    -76.0000    177.0000     10.0000      5.0000     19.0582
     55.0041    153.6630    615.4420     57.8947   -110.0000    177.0000     10.0000      3.0000     16.4245
     54.9367    153.6690    615.4420    105.2632   -104.0000    177.0000     10.0000      8.0000     17.6019
     54.8693    153.6750    615.4420    210.5263    -74.0000    177.0000     10.0000      2.0000     12.5885
     54.8019    153.6810    615.4420    421.0526   -110.0000    177.0000     10.0000      3.0000     11.1448
     54.7345    153.6880    615.4420    421.0526   -110.0000    177.0000     10.0000      3.0000     10.2831
     54.6671    153.6940    615.4420    315.7895   -110.0000    177.0000     10.0000      2.0000      9.7069
     54.5997    153.7000    615.4420    105.2632   -108.0000    177.0000     10.0000      9.0000      8.1889
     54.5323    153.7060    615.4420      0.0000    -84.0000    177.0000     10.0000      8.0000      7.6230
     54.4649    153.7120    615.4420      0.0000    -92.0000    177.0000     10.0000      6.0000      7.1845
     54.3975    153.7190    615.4420      0.0000   -108.0000    177.0000     10.0000      9.0000      6.6401
     54.3301    153.7250    615.4420      0.0000   -110.0000    177.0000     10.0000      3.0000      6.3111
     54.2627    153.7310    615.4420      0.0000   -102.0000    177.0000     10.0000      1.0000      7.4478
     54.1953    153.7370    615.4420      0.0000    -86.0000    177.0000     10.0000      2.0000      9.3044
     54.1279    153.7440    615.4420      0.0000    -92.0000    177.0000     10.0000      3.0000     10.4187
     55.0681    153.5390    616.7440      0.0000    -72.0000    177.0000     10.0000      2.0000     19.0472
     55.0007    153.5460    616.7440    115.7895   -110.0000    177.0000     10.0000      2.0000     16.7419
     54.9333    153.5520    616.7440    210.5263   -106.0000    177.0000     10.0000      2.0000     16.3446
     54.8658    153.5580    616.7440    526.3158    -94.0000    177.0000     10.0000      2.0000     12.2232
     54.7984    153.5640    616.7440    631.5790   -104.0000    177.0000     10.0000      2.0000     11.8650
     54.7310    153.5700    616.7440    526.3158    -92.0000    177.0000     10.0000      3.0000      9.1150
     54.6636    153.5770    616.7440    315.7895   -106.0000    177.0000     10.0000      2.0000      9.6302
     54.5962    153.5830    616.7440    105.2632    -76.0000    177.0000     10.0000      2.0000      6.1532
     54.5288    153.5890    616.7440      0.0000    -78.0000    177.0000     10.0000      4.0000      5.3185
     54.4614    153.5950    616.7440      0.0000    -90.0000    177.0000     10.0000      5.0000      4.6720
     54.3940    153.6020    616.7440      0.0000    -76.0000    177.0000     10.0000     10.0000      4.6223
     54.3266    153.6080    616.7440      0.0000   -102.0000    177.0000     10.0000      8.0000      5.1422
     54.2592    153.6140    616.7440      0.0000   -108.0000    177.0000     10.0000      1.0000      5.7114
     54.1918    153.6200    616.7440      0.0000    -94.0000    177.0000     10.0000      3.0000      6.9628
     54.1244    153.6270    616.7440      0.0000   -102.0000    177.0000     10.0000      8.0000     10.5358
     55.0646    153.4220    618.0460      0.0000    -88.0000    177.0000     10.0000     10.0000     18.6674
     54.9972    153.4280    618.0460    173.6842    -72.0000    177.0000     10.0000      2.0000     18.9693
     54.9298    153.4350    618.0460    315.7895    -70.0000    177.0000     10.0000      2.0000     13.0692
     54.8624    153.4410    618.0460    421.0526    -84.0000    177.0000     10.0000      2.0000     12.7212
     54.7950    153.4470    618.0460    421.0526   -110.0000    177.0000     10.0000      3.0000     10.9325
     54.7276    153.4530    618.0460    315.7895    -92.0000    177.0000     10.0000      2.0000     10.3107
     54.6602    153.4600    618.0460    105.2632   -110.0000    177.0000     10.0000      1.0000      6.8585
     54.5928    153.4660    618.0460      0.0000   -110.0000    177.0000     10.0000      4.0000      5.1862
     54.5254    153.4720    618.0460      0.8947    -90.7000    177.0000     10.0000      6.0000      4.9250
     54.4580    153.4780    618.0460      0.4737    -89.4000    177.0000     10.0000      4.0000      3.4714
     54.3906    153.4840    618.0460      0.0000    -90.6000    177.0000     10.0000      9.0000      3.2493
     54.3232    153.4910    618.0460      0.3684    -90.4000    177.0000     10.0000      5.0000      4.1721
     54.2558    153.4970    618.0460      0.0000    -90.3000    177.0000     10.0000      4.0000      5.2678
     54.1883    153.5030    618.0460      0.6316    -91.0000    177.0000     10.0000      4.0000      7.6484
     54.1209    153.5090    618.0460      0.5263    -91.0000    177.0000     10.0000      9.0000      8.5287
     55.0611    153.3050    619.3490      0.0000    -72.0000    177.0000     10.0000      8.0000     18.4746
     54.9937    153.3110    619.3490    115.7895   -100.0000    177.0000     10.0000      3.0000     14.5104
     54.9263    153.3180    619.3490    210.5263    -70.0000    177.0000     10.0000      2.0000     13.5350
     54.8589    153.3240    619.3490    210.5263   -104.0000    177.0000     10.0000      3.0000     14.0102
     54.7915    153.3300    619.3490    315.7895   -110.0000    177.0000     10.0000      2.0000     10.9220
     54.7241    153.3360    619.3490    210.5263    -88.0000    177.0000     10.0000      5.0000     10.2056
     54.6567    153.3420    619.3490    105.2632    -74.0000    177.0000     10.0000     10.0000      8.0837
     54.5893    153.3490    619.3490    105.2632    -98.0000    177.0000     10.0000      3.0000      4.6276
     54.5219    153.3550    619.3490      0.3684    -89.8000    177.0000     10.0000      7.0000      3.4441
     54.4545    153.3610    619.3490      0.0526    -89.6000    177.0000     10.0000      9.0000      1.6135
     54.3871    153.3670    619.3490      0.2632    -91.0000    177.0000     10.0000      1.0000      1.1220
     54.3197    153.3740    619.3490      1.0000    -90.1000    177.0000     10.0000      2.0000      2.5477
     54.2523    153.3800    619.3490      0.4737    -89.9000    177.0000     10.0000      7.0000      3.8160
     54.1849    153.3860    619.3490      0.5789    -90.3000    177.0000     10.0000      1.0000      6.2225
     54.1175    153.3920    619.3490      0.1579    -90.0000    177.0000     10.0000      1.0000      7.6599
     55.0576    153.1880    620.6510      0.0000   -108.0000    177.0000     10.0000      4.0000     17.9610
     54.9902    153.1940    620.6510    115.7895   -110.0000    177.0000     10.0000      3.0000     14.8827
     54.9228    153.2000    620.6510    210.5263    -74.0000    177.0000     10.0000      2.0000     16.0752
     54.8554    153.2070    620.6510    210.5263   -110.0000    177.0000     10.0000      2.0000     14.4626
     54.7880    153.2130    620.6510    315.7895   -110.0000    177.0000     10.0000      2.0000     11.5846
     54.7206    153.2190    620.6510    210.5263    -76.0000    177.0000     10.0000      2.0000      8.7870
     54.6532    153.2250    620.6510    315.7895    -70.0000    177.0000     10.0000      2.0000      6.2636
     54.5858    153.2320    620.6510    315.7895    -72.0000    177.0000     10.0000      2.0000      5.7856
     54.5184    153.2380    620.6510      0.6316    -89.1000    177.0000     10.0000      8.0000      3.1720
     54.4510    153.2440    620.6510      0.4211    -90.3000    177.0000     10.0000      1.0000      1.5710
     54.3836    153.2500    620.6510      0.2632    -90.8000    177.0000     10.0000      6.0000      1.0006
     54.3162    153.2560    620.6510      0.0526    -89.5000    177.0000     10.0000      8.0000      2.5477
     54.2488    153.2630    620.6510      0.3158    -89.3000    177.0000     10.0000      4.0000      3.8160
     54.1814    153.2690    620.6510      0.3684    -90.3000    177.0000     10.0000     10.0000      6.4057
     54.1140    153.2750    620.6510      0.0000    -89.4000    177.0000     10.0000      9.0000      8.0979
     55.0541    153.0710    621.9530      0.0000    -72.0000    177.0000     10.0000      1.0000     19.7998
     54.9867    153.0770    621.9530    115.7895    -72.0000    177.0000     10.0000      2.0000     15.8908
     54.9193    153.0830    621.9530    105.2632    -70.0000    177.0000     10.0000      2.0000     15.3776
     54.8519    153.0890    621.9530    105.2632   -110.0000    177.0000     10.0000      2.0000     14.7749
     54.7845    153.0960    621.9530    210.5263    -94.0000    177.0000     10.0000      2.0000     12.3003
     54.7171    153.1020    621.9530    210.5263    -70.0000    177.0000     10.0000      2.0000      8.2470
     54.6497    153.1080    621.9530    315.7895    -70.0000    177.0000     10.0000      3.0000      6.6869
     54.5823    153.1140    621.9530    315.7895    -70.0000    177.0000     10.0000      3.0000      6.4840
     54.5149    153.1210    621.9530      0.6842    -90.1000    177.0000     10.0000      9.0000      4.1257
     54.4475    153.1270    621.9530      0.3158    -89.5000    177.0000     10.0000      6.0000      3.0019
     54.3801    153.1330    621.9530      0.5789    -89.8000    177.0000     10.0000      8.0000      2.7977
     54.3127    153.1390    621.9530      1.0000    -89.2000    177.0000     10.0000      2.0000      3.4030
     54.2453    153.1460    621.9530      0.1579    -89.9000    177.0000     10.0000     10.0000      4.5920
     54.1779    153.1520    621.9530      0.1579    -89.3000    177.0000     10.0000      9.0000      6.9730
     54.1105    153.1580    621.9530      0.2105    -89.0000    177.0000     10.0000      9.0000      7.8548
     55.0507    152.9540    623.2560      0.0000    -82.0000    177.0000     10.0000      5.0000     21.5073
     54.9833    152.9600    623.2560      0.0000   -110.0000    177.0000     10.0000      8.0000     15.0664
     54.9159    152.9660    623.2560      0.0000   -110.0000    177.0000     10.0000      3.0000     15.8635
     54.8485    152.9720    623.2560    105.2632    -70.0000    177.0000     10.0000      2.0000     12.8844
     54.7811    152.9790    623.2560    105.2632    -74.0000    177.0000     10.0000      2.0000     12.5847
     54.7136    152.9850    623.2560    105.2632    -72.0000    177.0000     10.0000      7.0000     11.4695
     54.6462    152.9910    623.2560    105.2632    -80.0000    177.0000     10.0000      3.0000      7.4618
     54.5788    152.9970    623.2560    210.5263    -92.0000    177.0000     10.0000      2.0000      7.4596
     54.5114    153.0040    623.2560      0.0000    -89.3000    177.0000     10.0000      1.0000      5.0524
     54.4440    153.0100    623.2560      0.5789    -89.5000    177.0000     10.0000      4.0000      4.4322
     54.3766    153.0160    623.2560      0.1053    -89.5000    177.0000     10.0000      7.0000      4.4973
     54.3092    153.0220    623.2560      0.2632    -89.9000    177.0000     10.0000      6.0000      4.8714
     54.2418    153.0280    623.2560      0.2632    -90.5000    177.0000     10.0000      5.0000      6.5521
     54.1744    153.0350    623.2560      0.3158    -90.5000    177.0000     10.0000      7.0000      8.4873
     54.1070    153.0410    623.2560      1.0000    -89.4000    177.0000     10.0000      3.0000      9.6054
     55.0472    152.8370    624.5580      0.0000    -78.0000    177.0000     10.0000      1.0000     22.1350
     54.9798    152.8430    624.5580     57.8947   -110.0000    177.0000     10.0000      2.0000     16.8688
     54.9124    152.8490    624.5580      0.0000    -78.0000    177.0000     10.0000      7.0000     18.1703
     54.8450    152.8550    624.5580      0.0000    -98.0000    177.0000     10.0000     10.0000     15.2612
     54.7776    152.8610    624.5580      0.0000    -78.0000    177.0000     10.0000     10.0000     13.5109
     54.7102    152.8680    624.5580    105.2632    -70.0000    177.0000     10.0000      2.0000     12.2130
     54.6428    152.8740    624.5580      0.0000    -84.0000    177.0000     10.0000      5.0000     10.2958
     54.5754    152.8800    624.5580    105.2632   -104.0000    177.0000     10.0000      2.0000      7.9674
     54.5080    152.8860    624.5580      0.6842    -90.1000    177.0000     10.0000      1.0000      7.6230
     54.4406    152.8930    624.5580      0.1053    -90.6000    177.0000     10.0000      3.0000      6.4071
     54.3732    152.8990    624.5580      0.8947    -89.6000    177.0000     10.0000      8.0000      7.0429
     54.3058    152.9050    624.5580      0.5789    -90.3000    177.0000     10.0000      6.0000      6.3111
     54.2384    152.9110    624.5580      0.7368    -89.4000    177.0000     10.0000      1.0000      7.4478
     54.1710    152.9180    624.5580      0.3158    -90.1000    177.0000     10.0000      8.0000      9.8864
     54.1036    152.9240    624.5580      0.6842    -91.0000    177.0000     10.0000      7.0000      9.1154
     55.0437    152.7190    625.8610    210.5263    -82.0000    177.0000     10.0000      9.0000     22.9452
     54.9763    152.7260    625.8610    231.5789   -110.0000    177.0000     10.0000      2.0000     17.1483
     54.9089    152.7320    625.8610    115.7895    -90.0000    177.0000     10.0000      2.0000     18.5500
     54.8415    152.7380    625.8610    115.7895   -108.0000    177.0000     10.0000      2.0000     14.9249
     54.7741    152.7440    625.8610     57.8947    -82.0000    177.0000     10.0000      2.0000     12.3989
     54.7067    152.7510    625.8610     57.8947   -110.0000    177.0000     10.0000      4.0000     12.7463
     54.6393    152.7570    625.8610      0.0000   -104.0000    177.0000     10.0000      1.0000      9.6982
     54.5719    152.7630    625.8610      0.0000   -110.0000    177.0000     10.0000      8.0000      9.1913
     54.5045    152.7690    625.8610      0.8947    -90.3000    177.0000     10.0000      5.0000      8.8828
     54.4371    152.7760    625.8610      0.0526    -90.0000    177.0000     10.0000      9.0000      9.7480
     54.3697    152.7820    625.8610      0.9474    -91.0000    177.0000     10.0000      6.0000      8.7797
     54.3023    152.7880    625.8610      0.6316    -90.6000    177.0000     10.0000      4.0000      9.6673
     54.2349    152.7940    625.8610      0.1579    -89.3000    177.0000     10.0000      3.0000      8.7685
     54.1675    152.8000    625.8610      0.5789    -90.5000    177.0000     10.0000      5.0000     11.1414
     54.1001    152.8070    625.8610      0.0000    -90.0000    177.0000     10.0000      1.0000     11.0794
     55.0402    152.6020    627.1630    210.5263   -104.0000    177.0000     10.0000      2.0000     21.8071
     54.9728    152.6090    627.1630    210.5263   -110.0000    177.0000     10.0000      5.0000     17.5500
     54.9054    152.6150    627.1630    105.2632   -110.0000    177.0000     10.0000      3.0000     19.6710
     54.8380    152.6210    627.1630    105.2632   -110.0000    177.0000     10.0000      3.0000     18.6048
     54.7706    152.6270    627.1630      0.0000    -98.0000    177.0000     10.0000      7.0000     14.2427
     54.7032    152.6330    627.1630      0.0000   -100.0000    177.0000     10.0000      9.0000     12.0318
     54.6358    152.6400    627.1630      0.0000    -86.0000    177.0000     10.0000      3.0000     14.2238
     54.5684    152.6460    627.1630      0.0000   -110.0000    177.0000     10.0000      3.0000     10.4420
     54.5010    152.6520    627.1630      0.7895    -89.6000    177.0000     10.0000      8.0000     12.3327
     54.4336    152.6580    627.1630      0.5263    -89.8000    177.0000     10.0000     10.0000     10.5042
     54.3662    152.6650    627.1630      0.1579    -89.3000    177.0000     10.0000     10.0000     11.7643
     54.2988    152.6710    627.1630      0.6316    -90.3000    177.0000     10.0000      6.0000      9.5778
     54.2314    152.6770    627.1630      0.0526    -90.3000    177.0000     10.0000      6.0000     10.9325
     54.1640    152.6830    627.1630      0.2105    -89.4000    177.0000     10.0000      7.0000     11.1340
     54.0966    152.6900    627.1630      0.2105    -90.0000    177.0000     10.0000     10.0000     14.8520
