     55.3585    154.2200    608.9300      0.0000    -88.0000    177.0000     10.0000      8.0000     19.9688
     55.2911    154.2260    608.9300    105.2632   -110.0000    177.0000     10.0000      3.0000     17.8853
     55.2237    154.2320    608.9300    210.5263   -110.0000    177.0000     10.0000      2.0000     19.5438
     55.1563    154.2390    608.9300    210.5263   -110.0000    177.0000     10.0000      3.0000     19.8514
     55.0889    154.2450    608.9300    210.5263   -110.0000    177.0000     10.0000      2.0000     15.1706
     55.0215    154.2510    608.9300    210.5263    -70.0000    177.0000     10.0000      5.0000     16.4223
     54.9541    154.2570    608.9300    315.7895    -70.0000    177.0000     10.0000      5.0000     16.6228
     54.8867    154.2630    608.9300    315.7895    -70.0000    177.0000     10.0000      3.0000     18.1703
     54.8193    154.2690    608.9300    210.5263    -70.0000    177.0000     10.0000      2.0000     18.3577
     54.7519    154.2750    608.9300    210.5263    -80.0000    177.0000     10.0000      3.0000     17.6482
     54.6845    154.2820    608.9300    210.5263   -108.0000    177.0000     10.0000      2.0000     15.0664
     54.6171    154.2880    608.9300    210.5263    -78.0000    177.0000     10.0000      4.0000     16.1377
     54.5497    154.2940    608.9300    105.2632    -70.0000    177.0000     10.0000      2.0000     17.8830
     54.4823    154.3000    608.9300      0.0000    -70.0000    177.0000     10.0000      6.0000     21.8386
     54.4149    154.3060    608.9300      0.0000    -78.0000    177.0000     10.0000      9.0000     19.9975
     54.3475    154.3120    608.9300    105.2632    -70.0000    177.0000     10.0000      3.0000     20.6445
     54.2801    154.3180    608.9300    210.5263    -78.0000    177.0000     10.0000      2.0000     20.7986
     54.2127    154.3250    608.9300    105.2632   -110.0000    177.0000     10.0000      2.0000     26.7268
     54.1453    154.3310    608.9300    105.2632    -70.0000    177.0000     10.0000      6.0000     30.1285
     54.0779    154.3370    608.9300    105.2632    -76.0000    177.0000     10.0000      4.0000     30.8627
     54.0105    154.3430    608.9300    105.2632    -80.0000    177.0000     10.0000      8.0000     33.6368
     53.9431    154.3490    608.9300      0.0000    -70.0000    177.0000     10.0000      6.0000     27.4711
     53.8757    154.3550    608.9300      0.0000    -82.0000    177.0000     10.0000      2.0000     31.2511
     53.8083    154.3610    608.9300      0.0000    -72.0000    177.0000     10.0000      6.0000     34.7034
     53.7409    154.3680    608.9300      0.0000    -80.0000    177.0000     10.0000      3.0000     33.5156
     55.3551    154.1050    610.2320      0.0000   -102.0000    177.0000     10.0000      9.0000     17.5856
     55.2877    154.1110    610.2320     57.8947   -110.0000    177.0000     10.0000      3.0000     18.4101
     55.2202    154.1170    610.2320    115.7895   -110.0000    177.0000     10.0000      3.0000     18.3760
     55.1528    154.1230    610.2320    115.7895   -104.0000    177.0000     10.0000      5.0000     17.9172
     55.0854    154.1290    610.2320    173.6842   -110.0000    177.0000     10.0000      1.0000     13.2256
     55.0180    154.1350    610.2320    231.5789    -70.0000    177.0000     10.0000      6.0000     15.9414
     54.9506    154.1420    610.2320    289.4737    -70.0000    177.0000     10.0000      3.0000     16.1056
     54.8832    154.1480    610.2320    231.5789    -70.0000    177.0000     10.0000      5.0000     16.0345
     54.8158    154.1540    610.2320    173.6842   -110.0000    177.0000     10.0000      2.0000     13.9884
     54.7484    154.1600    610.2320    231.5789    -70.0000    177.0000     10.0000      6.0000     15.2537
     54.6810    154.1660    610.2320    231.5789    -72.0000    177.0000     10.0000      2.0000     17.4656
     54.6136    154.1720    610.2320    231.5789    -70.0000    177.0000     10.0000      3.0000     16.3129
     54.5462    154.1780    610.2320     57.8947   -104.0000    177.0000     10.0000      3.0000     15.9555
     54.4788    154.1850    610.2320      0.0000    -82.0000    177.0000     10.0000      7.0000     16.5784
     54.4114    154.1910    610.2320      0.0000    -88.0000    177.0000     10.0000      2.0000     18.6718
     54.3440    154.1970    610.2320     57.8947    -76.0000    177.0000     10.0000      2.0000     19.4318
     54.2766    154.2030    610.2320    115.7895    -72.0000    177.0000     10.0000      3.0000     20.2220
     54.2092    154.2090    610.2320      0.0000   -100.0000    177.0000     10.0000      3.0000     22.7343
     54.1418    154.2150    610.2320      0.0000   -106.0000    177.0000     10.0000      2.0000     27.9869
     54.0744    154.2210    610.2320     57.8947   -102.0000    177.0000     10.0000      2.0000     26.4253
     54.0070    154.2280    610.2320     57.8947    -90.0000    177.0000     10.0000      6.0000     32.5328
     53.9396    154.2340    610.2320     57.8947    -92.0000    177.0000     10.0000      6.0000     30.4728
     53.8722    154.2400    610.2320     57.8947   -102.0000    177.0000     10.0000      3.0000     33.1062
     53.8048    154.2460    610.2320     57.8947   -104.0000    177.0000     10.0000      3.0000     33.8680
     53.7374    154.2520    610.2320      0.0000   -110.0000    177.0000     10.0000      3.0000     40.1920
     55.3516    153.9890    611.5350      0.0000   -106.0000    177.0000     10.0000     10.0000     15.9127
     55.2842    153.9960    611.5350      0.0000   -100.0000    177.0000     10.0000      6.0000     16.4223
     55.2168    154.0020    611.5350      0.0000    -78.0000    177.0000     10.0000      5.0000     15.6830
     55.1494    154.0080    611.5350    105.2632    -88.0000    177.0000     10.0000      6.0000     15.5330
     55.0820    154.0140    611.5350    210.5263    -98.0000    177.0000     10.0000     10.0000     14.6091
     55.0146    154.0200    611.5350    210.5263   -110.0000    177.0000     10.0000      2.0000     12.7382
     54.9472    154.0260    611.5350    105.2632    -94.0000    177.0000     10.0000      2.0000     10.8330
     54.8798    154.0320    611.5350    105.2632   -110.0000    177.0000     10.0000      2.0000     13.4644
     54.8124    154.0390    611.5350    105.2632   -110.0000    177.0000     10.0000      2.0000     10.9588
     54.7450    154.0450    611.5350    105.2632   -110.0000    177.0000     10.0000      2.0000     13.8059
     54.6776    154.0510    611.5350    105.2632   -110.0000    177.0000     10.0000      2.0000     14.5863
     54.6102    154.0570    611.5350    105.2632    -70.0000    177.0000     10.0000      3.0000     16.5942
     54.5428    154.0630    611.5350      0.0000    -74.0000    177.0000     10.0000      2.0000     17.8534
     54.4753    154.0690    611.5350      0.0000    -78.0000    177.0000     10.0000      7.0000     15.7157
     54.4079    154.0750    611.5350      0.0000    -74.0000    177.0000     10.0000      5.0000     16.1211
     54.3405    154.0820    611.5350      0.0000    -86.0000    177.0000     10.0000      3.0000     19.8753
     54.2731    154.0880    611.5350    105.2632    -70.0000    177.0000     10.0000      2.0000     19.7035
     54.2057    154.0940    611.5350      0.0000    -86.0000    177.0000     10.0000      3.0000     21.7254
     54.1383    154.1000    611.5350      0.0000    -78.0000    177.0000     10.0000      1.0000     22.6443
     54.0709    154.1060    611.5350      0.0000   -110.0000    177.0000     10.0000      7.0000     24.1692
     54.0035    154.1120    611.5350      0.0000    -70.0000    177.0000     10.0000      9.0000     27.1518
     53.9361    154.1180    611.5350      0.0000    -76.0000    177.0000     10.0000      8.0000     27.2970
     53.8687    154.1240    611.5350      0.0000    -92.0000    177.0000     10.0000      3.0000     28.1504
     53.8013    154.1310    611.5350     57.8947    -94.0000    177.0000     10.0000      3.0000     34.0943
     53.7339    154.1370    611.5350      0.0000    -96.0000    177.0000     10.0000      5.0000     36.9996
     55.3481    153.8740    612.8370    105.2632    -84.0000    177.0000     10.0000      2.0000     14.7855
     55.2807    153.8800    612.8370    115.7895    -72.0000    177.0000     10.0000      2.0000     16.4702
     55.2133    153.8860    612.8370    105.2632    -84.0000    177.0000     10.0000      9.0000     15.5283
     55.1459    153.8920    612.8370    315.7895   -100.0000    177.0000     10.0000      2.0000     11.0211
     55.0785    153.8990    612.8370    315.7895    -78.0000    177.0000     10.0000      2.0000     10.4420
     55.0111    153.9050    612.8370    105.2632    -70.0000    177.0000     10.0000      3.0000     10.3312
     54.9437    153.9110    612.8370      0.0000    -84.0000    177.0000     10.0000      1.0000     10.8135
     54.8763    153.9170    612.8370      0.0000   -104.0000    177.0000     10.0000      4.0000      9.3493
     54.8089    153.9230    612.8370      0.0000   -108.0000    177.0000     10.0000      1.0000     11.3208
     54.7415    153.9290    612.8370      0.0000    -96.0000    177.0000     10.0000     10.0000     10.9325
     54.6741    153.9350    612.8370    105.2632   -108.0000    177.0000     10.0000      3.0000     10.5769
     54.6067    153.9420    612.8370    105.2632   -110.0000    177.0000     10.0000      2.0000     14.8520
     54.5393    153.9480    612.8370      0.0000   -108.0000    177.0000     10.0000      3.0000     14.8119
     54.4719    153.9540    612.8370      0.0000    -92.0000    177.0000     10.0000      6.0000     14.5098
     54.4045    153.9600    612.8370      0.0000    -84.0000    177.0000     10.0000      9.0000     15.8600
     54.3371    153.9660    612.8370      0.0000    -78.0000    177.0000     10.0000      7.0000     16.4160
     54.2697    153.9720    612.8370      0.0000    -94.0000    177.0000     10.0000      5.0000     21.6001
     54.2023    153.9780    612.8370      0.0000    -90.0000    177.0000     10.0000      4.0000     24.0781
     54.1349    153.9850    612.8370    105.2632   -110.0000    177.0000     10.0000      2.0000     25.9205
     54.0675    153.9910    612.8370    210.5263   -110.0000    177.0000     10.0000      2.0000     26.1584
     54.0001    153.9970    612.8370    105.2632   -104.0000    177.0000     10.0000      2.0000     25.6792
     53.9327    154.0030    612.8370      0.0000   -106.0000    177.0000     10.0000      9.0000     32.6379
     53.8653    154.0090    612.8370      0.0000    -92.0000    177.0000     10.0000      9.0000     27.5289
     53.7978    154.0150    612.8370     57.8947    -70.0000    177.0000     10.0000      2.0000     28.4033
     53.7304    154.0210    612.8370      0.0000    -70.0000    177.0000     10.0000      4.0000     34.2621
     55.3446    153.7590    614.1390    105.2632   -110.0000    177.0000     10.0000      3.0000     17.3344
     55.2772    153.7650    614.1390    115.7895   -104.0000    177.0000     10.0000      7.0000     13.8171
     55.2098    153.7710    614.1390    210.5263   -110.0000    177.0000     10.0000      2.0000     13.9810
     55.1424    153.7770    614.1390    421.0526   -110.0000    177.0000     10.0000      2.0000     11.0848
     55.0750    153.7830    614.1390    315.7895   -110.0000    177.0000     10.0000      3.0000     11.2687
     55.0076    153.7890    614.1390    105.2632    -72.0000    177.0000     10.0000      2.0000      8.6426
     54.9402    153.7960    614.1390      0.0000   -110.0000    177.0000     10.0000      9.0000      8.6330
     54.8728    153.8020    614.1390      0.0000   -100.0000    177.0000     10.0000      6.0000      7.8548
     54.8054    153.8080    614.1390      0.0000    -76.0000    177.0000     10.0000      5.0000      8.3599
     54.7380    153.8140    614.1390      0.0000   -108.0000    177.0000     10.0000      7.0000      9.0056
     54.6706    153.8200    614.1390    210.5263    -98.0000    177.0000     10.0000      2.0000     10.8135
     54.6032    153.8260    614.1390    315.7895   -102.0000    177.0000     10.0000      2.0000     10.7876
     54.5358    153.8320    614.1390    315.7895   -110.0000    177.0000     10.0000      3.0000     11.7419
     54.4684    153.8390    614.1390    210.5263    -78.0000    177.0000     10.0000      2.0000     14.5738
     54.4010    153.8450    614.1390    210.5263    -96.0000    177.0000     10.0000      2.0000     14.4900
     54.3336    153.8510    614.1390    105.2632    -70.0000    177.0000     10.0000      2.0000     15.9580
     54.2662    153.8570    614.1390      0.0000    -88.0000    177.0000     10.0000      7.0000     17.9277
     54.1988    153.8630    614.1390    105.2632    -76.0000    177.0000     10.0000      3.0000     23.1713
     54.1314    153.8690    614.1390    315.7895   -110.0000    177.0000     10.0000      2.0000     25.8902
     54.0640    153.8750    614.1390    526.3158   -106.0000    177.0000     10.0000      2.0000     25.4228
     53.9966    153.8810    614.1390    315.7895   -100.0000    177.0000     10.0000      2.0000     23.7623
     53.9292    153.8880    614.1390    105.2632    -72.0000    177.0000     10.0000      3.0000     30.9320
     53.8618    153.8940    614.1390    105.2632    -74.0000    177.0000     10.0000      2.0000     27.7113
     53.7944    153.9000    614.1390     57.8947    -76.0000    177.0000     10.0000      2.0000     33.8435
     53.7270    153.9060    614.1390      0.0000    -76.0000    177.0000     10.0000      7.0000     30.2728
     55.3411    153.6430    615.4420      0.0000    -74.0000    177.0000     10.0000      5.0000     14.3884
     55.2737    153.6490    615.4420    115.7895   -110.0000    177.0000     10.0000      6.0000     14.3834
     55.2063    153.6560    615.4420    210.5263   -110.0000    177.0000     10.0000      2.0000     11.4939
     55.1389    153.6620    615.4420    315.7895   -110.0000    177.0000     10.0000      8.0000     10.9606
     55.0715    153.6680    615.4420    315.7895   -110.0000    177.0000     10.0000      3.0000      7.3694
     55.0041    153.6740    615.4420    315.7895   -110.0000    177.0000     10.0000      2.0000      6.4787
     54.9367    153.6800    615.4420    210.5263    -82.0000    177.0000     10.0000      3.0000      7.6484
     54.8693    153.6860    615.4420    105.2632   -110.0000    177.0000     10.0000      3.0000      6.1155
     54.8019    153.6920    615.4420      0.0000    -86.0000    177.0000     10.0000      4.0000      6.6525
     54.7345    153.6990    615.4420      0.0000    -96.0000    177.0000     10.0000      2.0000      7.8737
     54.6671    153.7050    615.4420    210.5263    -90.0000    177.0000     10.0000      2.0000      8.3242
     54.5997    153.7110    615.4420    421.0526   -104.0000    177.0000     10.0000      6.0000     10.7254
     54.5323    153.7170    615.4420    526.3158   -110.0000    177.0000     10.0000      4.0000     11.6082
     54.4649    153.7230    615.4420    631.5790   -110.0000    177.0000     10.0000      3.0000     12.4844
     54.3975    153.7290    615.4420    631.5790   -110.0000    177.0000     10.0000      3.0000     13.3289
     54.3301    153.7350    615.4420    421.0526   -110.0000    177.0000     10.0000      1.0000     19.1490
     54.2627    153.7420    615.4420    210.5263   -110.0000    177.0000     10.0000      3.0000     17.2367
     54.1953    153.7480    615.4420    210.5263    -72.0000    177.0000     10.0000      2.0000     23.1434
     54.1279    153.7540    615.4420    421.0526    -88.0000    177.0000     10.0000      2.0000     22.9517
     54.0605    153.7600    615.4420    526.3158    -98.0000    177.0000     10.0000      2.0000     23.4386
     53.9931    153.7660    615.4420    421.0526    -74.0000    177.0000     10.0000      2.0000     25.2128
     53.9257    153.7720    615.4420    210.5263    -72.0000    177.0000     10.0000      6.0000     24.9172
     53.8583    153.7780    615.4420    105.2632    -84.0000    177.0000     10.0000      7.0000     33.4328
     53.7909    153.7850    615.4420      0.0000    -90.0000    177.0000     10.0000      7.0000     35.5185
     53.7235    153.7910    615.4420      0.0000    -78.0000    177.0000     10.0000      8.0000     37.6100
     55.3377    153.5280    616.7440      0.0000   -100.0000    177.0000     10.0000      5.0000     14.0223
     55.2703    153.5340    616.7440    173.6842   -104.0000    177.0000     10.0000      2.0000     10.6471
     55.2029    153.5400    616.7440    105.2632   -104.0000    177.0000     10.0000      3.0000     11.1108
     55.1355    153.5460    616.7440    315.7895   -110.0000    177.0000     10.0000      2.0000      8.0673
     55.0681    153.5530    616.7440    421.0526   -110.0000    177.0000     10.0000      5.0000      6.3111
     55.0007    153.5590    616.7440    421.0526   -106.0000    177.0000     10.0000      5.0000      5.0524
     54.9333    153.5650    616.7440    315.7895    -90.0000    177.0000     10.0000      3.0000      5.2388
     54.8658    153.5710    616.7440    210.5263    -92.0000    177.0000     10.0000      3.0000      5.3685
     54.7984    153.5770    616.7440    105.2632    -86.0000    177.0000     10.0000      3.0000      5.7856
     54.7310    153.5830    616.7440    105.2632    -70.0000    177.0000     10.0000      3.0000      6.0204
     54.6636    153.5890    616.7440    210.5263    -70.0000    177.0000     10.0000      5.0000      6.7886
     54.5962    153.5960    616.7440    315.7895    -80.0000    177.0000     10.0000      2.0000      8.8260
     54.5288    153.6020    616.7440    526.3158   -110.0000    177.0000     10.0000      3.0000     12.0363
     54.4614    153.6080    616.7440    736.8421   -110.0000    177.0000     10.0000      3.0000     13.9336
     54.3940    153.6140    616.7440    736.8421   -110.0000    177.0000     10.0000      2.0000     13.7272
     54.3266    153.6200    616.7440    526.3158    -88.0000    177.0000     10.0000      1.0000     16.7931
     54.2592    153.6260    616.7440    315.7895   -110.0000    177.0000     10.0000      2.0000     19.2321
     54.1918    153.6320    616.7440    315.7895    -88.0000    177.0000     10.0000      2.0000     19.9652
     54.1244    153.6380    616.7440    526.3158    -78.0000    177.0000     10.0000      3.0000     23.1311
     54.0570    153.6450    616.7440    526.3158    -70.0000    177.0000     10.0000      2.0000     22.3792
     53.9896    153.6510    616.7440    421.0526    -82.0000    177.0000     10.0000      2.0000     22.8969
     53.9222    153.6570    616.7440    210.5263    -72.0000    177.0000     10.0000      2.0000     28.1836
     53.8548    153.6630    616.7440    105.2632    -88.0000    177.0000     10.0000      5.0000     33.0205
     53.7874    153.6690    616.7440      0.0000    -74.0000    177.0000     10.0000      1.0000     29.4294
     53.7200    153.6750    616.7440      0.0000    -82.0000    177.0000     10.0000      5.0000     32.0671
     55.3342    153.4130    618.0460      0.0000    -78.0000    177.0000     10.0000      6.0000     12.3771
     55.2668    153.4190    618.0460    173.6842   -110.0000    177.0000     10.0000      3.0000     10.0909
     55.1994    153.4250    618.0460    105.2632   -110.0000    177.0000     10.0000      2.0000      8.4587
     55.1320    153.4310    618.0460    210.5263   -110.0000    177.0000     10.0000      2.0000      8.1066
     55.0646    153.4370    618.0460    315.7895   -110.0000    177.0000     10.0000      6.0000      5.6071
     54.9972    153.4430    618.0460    315.7895   -110.0000    177.0000     10.0000      6.0000      4.9250
     54.9298    153.4490    618.0460    210.5263   -110.0000    177.0000     10.0000      2.0000      3.0019
     54.8624    153.4560    618.0460    210.5263   -110.0000    177.0000     10.0000      2.0000      3.2493
     54.7950    153.4620    618.0460    105.2632   -104.0000    177.0000     10.0000      6.0000      3.4030
     54.7276    153.4680    618.0460    105.2632    -74.0000    177.0000     10.0000      5.0000      5.7781
     54.6602    153.4740    618.0460    210.5263    -72.0000    177.0000     10.0000      3.0000      6.0783
     54.5928    153.4800    618.0460    210.5263    -70.0000    177.0000     10.0000      4.0000      8.5287
     54.5254    153.4860    618.0460    315.7895   -110.0000    177.0000     10.0000     10.0000     11.6668
     54.4580    153.4920    618.0460    631.5790   -110.0000    177.0000     10.0000      3.0000     11.8249
     54.3906    153.4990    618.0460    842.1053   -108.0000    177.0000     10.0000      5.0000     13.6206
     54.3232    153.5050    618.0460    736.8421   -104.0000    177.0000     10.0000      3.0000     14.2391
     54.2557    153.5110    618.0460    421.0526   -102.0000    177.0000     10.0000     10.0000     20.0231
     54.1883    153.5170    618.0460    315.7895    -90.0000    177.0000     10.0000      2.0000     17.1509
     54.1209    153.5230    618.0460    421.0526   -100.0000    177.0000     10.0000      2.0000     24.2512
     54.0535    153.5290    618.0460    421.0526   -100.0000    177.0000     10.0000      7.0000     22.7051
     53.9861    153.5350    618.0460    315.7895   -110.0000    177.0000     10.0000      8.0000     22.6438
     53.9187    153.5420    618.0460    210.5263   -110.0000    177.0000     10.0000      2.0000     26.3610
     53.8513    153.5480    618.0460    105.2632    -98.0000    177.0000     10.0000      2.0000     26.0212
     53.7839    153.5540    618.0460      0.0000    -96.0000    177.0000     10.0000     10.0000     34.8698
     53.7165    153.5600    618.0460      0.0000   -102.0000    177.0000     10.0000      5.0000     31.8552
     55.3307    153.2970    619.3490      0.0000    -84.0000    177.0000     10.0000      3.0000     12.1154
     55.2633    153.3030    619.3490    173.6842   -110.0000    177.0000     10.0000      2.0000     10.0591
     55.1959    153.3100    619.3490    105.2632    -94.0000    177.0000     10.0000      2.0000      9.5866
     55.1285    153.3160    619.3490    105.2632   -104.0000    177.0000     10.0000      3.0000      8.0837
     55.0611    153.3220    619.3490    210.5263   -110.0000    177.0000     10.0000      5.0000      5.9724
     54.9937    153.3280    619.3490    105.2632   -106.0000    177.0000     10.0000      8.0000      3.1720
     54.9263    153.3340    619.3490    105.2632    -78.0000    177.0000     10.0000      1.0000      1.4924
     54.8589    153.3400    619.3490    105.2632   -110.0000    177.0000     10.0000      1.0000      0.9743
     54.7915    153.3460    619.3490      0.0000    -88.0000    177.0000     10.0000      6.0000      2.2862
     54.7241    153.3530    619.3490    105.2632    -76.0000    177.0000     10.0000      2.0000      4.6262
     54.6567    153.3590    619.3490    210.5263    -72.0000    177.0000     10.0000      3.0000      6.8064
     54.5893    153.3650    619.3490    210.5263    -70.0000    177.0000     10.0000      1.0000      8.3363
     54.5219    153.3710    619.3490    210.5263   -110.0000    177.0000     10.0000      2.0000      8.7314
     54.4545    153.3770    619.3490    526.3158   -110.0000    177.0000     10.0000      5.0000     11.2231
     54.3871    153.3830    619.3490    736.8421   -104.0000    177.0000     10.0000      5.0000     13.3698
     54.3197    153.3890    619.3490    631.5790    -94.0000    177.0000     10.0000      2.0000     15.6405
     54.2523    153.3950    619.3490    421.0526   -110.0000    177.0000     10.0000      2.0000     15.3369
     54.1849    153.4020    619.3490    210.5263   -106.0000    177.0000     10.0000      2.0000     21.2419
     54.1175    153.4080    619.3490    315.7895   -110.0000    177.0000     10.0000      8.0000     24.0622
     54.0501    153.4140    619.3490    421.0526   -110.0000    177.0000     10.0000      2.0000     23.8835
     53.9827    153.4200    619.3490    315.7895   -110.0000    177.0000     10.0000      3.0000     23.1090
     53.9153    153.4260    619.3490    210.5263    -98.0000    177.0000     10.0000      2.0000     26.2325
     53.8479    153.4320    619.3490    210.5263    -72.0000    177.0000     10.0000      2.0000     26.5924
     53.7805    153.4380    619.3490      0.0000   -110.0000    177.0000     10.0000      7.0000     33.6522
     53.7131    153.4450    619.3490      0.0000    -76.0000    177.0000     10.0000      7.0000     31.7487
     55.3272    153.1820    620.6510      0.0000    -94.0000    177.0000     10.0000      7.0000     12.8083
     55.2598    153.1880    620.6510    115.7895   -110.0000    177.0000     10.0000      1.0000     10.9220
     55.1924    153.1940    620.6510    105.2632    -70.0000    177.0000     10.0000      3.0000      9.0383
     55.1250    153.2000    620.6510      0.0000   -106.0000    177.0000     10.0000     10.0000      8.0837
     55.0576    153.2060    620.6510    105.2632   -102.0000    177.0000     10.0000      6.0000      5.9724
     54.9902    153.2130    620.6510    105.2632    -70.0000    177.0000     10.0000      1.0000      3.5455
     54.9228    153.2190    620.6510    105.2632    -72.0000    177.0000     10.0000      4.0000      1.6135
     54.8554    153.2250    620.6510    105.2632   -110.0000    177.0000     10.0000      2.0000      1.1571
     54.7880    153.2310    620.6510      0.0000    -88.0000    177.0000     10.0000      7.0000      2.8767
     54.7206    153.2370    620.6510      0.0000    -86.0000    177.0000     10.0000      9.0000      4.9250
     54.6532    153.2430    620.6510      0.0000   -110.0000    177.0000     10.0000      4.0000      6.0495
     54.5858    153.2490    620.6510      0.0000    -74.0000    177.0000     10.0000      9.0000      7.0849
     54.5184    153.2560    620.6510    105.2632   -110.0000    177.0000     10.0000      2.0000      8.7314
     54.4510    153.2620    620.6510    421.0526   -110.0000    177.0000     10.0000      3.0000     13.3974
     54.3836    153.2680    620.6510    631.5790   -110.0000    177.0000     10.0000      2.0000     13.7521
     54.3162    153.2740    620.6510    421.0526    -98.0000    177.0000     10.0000      5.0000     16.1009
     54.2488    153.2800    620.6510    210.5263   -110.0000    177.0000     10.0000      3.0000     18.0458
     54.1814    153.2860    620.6510    105.2632   -106.0000    177.0000     10.0000      2.0000     21.2419
     54.1140    153.2920    620.6510    210.5263   -106.0000    177.0000     10.0000      3.0000     24.0622
     54.0466    153.2990    620.6510    315.7895   -110.0000    177.0000     10.0000      2.0000     24.6079
     53.9792    153.3050    620.6510    210.5263   -110.0000    177.0000     10.0000      3.0000     23.1090
     53.9118    153.3110    620.6510    105.2632    -80.0000    177.0000     10.0000      2.0000     26.9826
     53.8444    153.3170    620.6510    210.5263    -70.0000    177.0000     10.0000      3.0000     25.9100
     53.7770    153.3230    620.6510     57.8947    -70.0000    177.0000     10.0000      7.0000     33.6522
     53.7096    153.3290    620.6510      0.0000    -76.0000    177.0000     10.0000      6.0000     28.5715
     55.3237    153.0670    621.9540      0.0000   -106.0000    177.0000     10.0000      7.0000     12.0511
     55.2563    153.0730    621.9540    115.7895   -110.0000    177.0000     10.0000      2.0000     10.6368
     55.1889    153.0790    621.9540      0.0000    -78.0000    177.0000     10.0000      1.0000      8.2470
     55.1215    153.0850    621.9540      0.0000    -90.0000    177.0000     10.0000      2.0000      6.6869
     55.0541    153.0910    621.9540    105.2632   -104.0000    177.0000     10.0000      6.0000      5.6071
     54.9867    153.0970    621.9540      0.0000    -92.0000    177.0000     10.0000      7.0000      3.9139
     54.9193    153.1030    621.9540      0.0000   -100.0000    177.0000     10.0000      1.0000      3.0853
     54.8519    153.1090    621.9540      0.0000    -82.0000    177.0000     10.0000      1.0000      2.5823
     54.7845    153.1160    621.9540      0.0000    -96.0000    177.0000     10.0000      3.0000      3.5922
     54.7171    153.1220    621.9540    105.2632   -110.0000    177.0000     10.0000      2.0000      4.9749
     54.6497    153.1280    621.9540      0.0000    -82.0000    177.0000     10.0000      6.0000      6.7736
     54.5823    153.1340    621.9540      0.0000    -80.0000    177.0000     10.0000      6.0000      9.0460
     54.5149    153.1400    621.9540      0.0000    -78.0000    177.0000     10.0000      9.0000      9.7734
     54.4475    153.1460    621.9540    315.7895   -110.0000    177.0000     10.0000      8.0000     13.7339
     54.3801    153.1520    621.9540    526.3158   -104.0000    177.0000     10.0000      3.0000     12.9032
     54.3127    153.1590    621.9540    210.5263   -100.0000    177.0000     10.0000      3.0000     13.8829
     54.2453    153.1650    621.9540      0.0000   -100.0000    177.0000     10.0000      7.0000     15.9127
     54.1779    153.1710    621.9540      0.0000    -86.0000    177.0000     10.0000      3.0000     19.0582
     54.1105    153.1770    621.9540      0.0000   -110.0000    177.0000     10.0000      6.0000     24.2512
     54.0431    153.1830    621.9540    105.2632   -110.0000    177.0000     10.0000      2.0000     24.0419
     53.9757    153.1890    621.9540    210.5263   -110.0000    177.0000     10.0000      2.0000     23.8687
     53.9083    153.1950    621.9540    105.2632    -78.0000    177.0000     10.0000      3.0000     29.6592
     53.8409    153.2020    621.9540    105.2632    -70.0000    177.0000     10.0000      3.0000     26.0212
     53.7735    153.2080    621.9540      0.0000    -76.0000    177.0000     10.0000      6.0000     30.0228
     53.7061    153.2140    621.9540      0.0000    -96.0000    177.0000     10.0000      5.0000     28.6673
     55.3203    152.9510    623.2560      0.0000    -70.0000    177.0000     10.0000      3.0000     14.0223
     55.2529    152.9570    623.2560     57.8947   -110.0000    177.0000     10.0000      2.0000     10.9275
     55.1855    152.9630    623.2560      0.0000    -88.0000    177.0000     10.0000      1.0000      9.1150
     55.1181    152.9700    623.2560    105.2632    -82.0000    177.0000     10.0000      3.0000      8.5287
     55.0507    152.9760    623.2560    210.5263   -108.0000    177.0000     10.0000      3.0000      6.3111
     54.9833    152.9820    623.2560      0.0000    -96.0000    177.0000     10.0000      4.0000      5.0524
     54.9159    152.9880    623.2560      0.0000    -70.0000    177.0000     10.0000      2.0000      5.0846
     54.8485    152.9940    623.2560      0.0000    -72.0000    177.0000     10.0000      2.0000      4.8944
     54.7811    153.0000    623.2560      0.0000    -88.0000    177.0000     10.0000      6.0000      5.4450
     54.7136    153.0060    623.2560      0.0000    -74.0000    177.0000     10.0000     10.0000      6.9620
     54.6462    153.0130    623.2560      0.0000   -100.0000    177.0000     10.0000      2.0000      7.3395
     54.5788    153.0190    623.2560      0.0000   -110.0000    177.0000     10.0000      7.0000      8.1635
     54.5114    153.0250    623.2560      0.0000    -88.0000    177.0000     10.0000      3.0000     10.4084
     54.4440    153.0310    623.2560    210.5263    -80.0000    177.0000     10.0000      2.0000     13.1132
     54.3766    153.0370    623.2560    421.0526    -88.0000    177.0000     10.0000      2.0000     13.0227
     54.3092    153.0430    623.2560    105.2632   -108.0000    177.0000     10.0000      2.0000     17.8437
     54.2418    153.0490    623.2560      0.0000    -94.0000    177.0000     10.0000      5.0000     18.6660
     54.1744    153.0560    623.2560    105.2632   -110.0000    177.0000     10.0000      3.0000     17.9159
     54.1070    153.0620    623.2560      0.0000    -94.0000    177.0000     10.0000      5.0000     19.5698
     54.0396    153.0680    623.2560      0.0000   -110.0000    177.0000     10.0000      4.0000     25.0942
     53.9722    153.0740    623.2560    105.2632   -108.0000    177.0000     10.0000     10.0000     22.8969
     53.9048    153.0800    623.2560    105.2632   -104.0000    177.0000     10.0000      2.0000     26.6166
     53.8374    153.0860    623.2560    105.2632    -70.0000    177.0000     10.0000      3.0000     30.1044
     53.7700    153.0920    623.2560      0.0000    -90.0000    177.0000     10.0000     10.0000     32.0283
     53.7026    153.0980    623.2560      0.0000   -106.0000    177.0000     10.0000     10.0000     36.0792
     55.3168    152.8360    624.5580      0.0000   -104.0000    177.0000     10.0000      6.0000     15.7385
     55.2494    152.8420    624.5580      0.0000    -70.0000    177.0000     10.0000      2.0000     11.4308
     55.1820    152.8480    624.5580      0.0000    -86.0000    177.0000     10.0000      8.0000     12.2130
     55.1146    152.8540    624.5580    105.2632   -106.0000    177.0000     10.0000      2.0000      8.4927
     55.0472    152.8600    624.5580    210.5263   -108.0000    177.0000     10.0000      2.0000      7.7576
     54.9798    152.8660    624.5580      0.0000    -70.0000    177.0000     10.0000      6.0000      6.8199
     54.9124    152.8730    624.5580      0.0000    -96.0000    177.0000     10.0000      7.0000      6.2384
     54.8450    152.8790    624.5580      0.0000    -78.0000    177.0000     10.0000      1.0000      5.8095
     54.7776    152.8850    624.5580    105.2632    -70.0000    177.0000     10.0000      2.0000      6.1532
     54.7102    152.8910    624.5580    105.2632    -72.0000    177.0000     10.0000      6.0000      8.8907
     54.6428    152.8970    624.5580    105.2632   -110.0000    177.0000     10.0000      3.0000      8.3242
     54.5754    152.9030    624.5580      0.0000    -96.0000    177.0000     10.0000      9.0000      9.5955
     54.5080    152.9090    624.5580      0.0000   -110.0000    177.0000     10.0000      6.0000     12.6645
     54.4406    152.9160    624.5580    105.2632   -110.0000    177.0000     10.0000      2.0000     11.8597
     54.3732    152.9220    624.5580    210.5263   -110.0000    177.0000     10.0000      3.0000     14.4104
     54.3058    152.9280    624.5580      0.0000    -82.0000    177.0000     10.0000      5.0000     14.8373
     54.2384    152.9340    624.5580      0.0000    -88.0000    177.0000     10.0000      2.0000     19.2663
     54.1710    152.9400    624.5580    210.5263    -86.0000    177.0000     10.0000      2.0000     23.1434
     54.1035    152.9460    624.5580    105.2632    -70.0000    177.0000     10.0000      2.0000     22.9517
     54.0361    152.9520    624.5580      0.0000    -84.0000    177.0000     10.0000     10.0000     22.2040
     53.9687    152.9590    624.5580      0.0000   -106.0000    177.0000     10.0000      4.0000     24.5308
     53.9013    152.9650    624.5580      0.0000   -104.0000    177.0000     10.0000      1.0000     24.9172
     53.8339    152.9710    624.5580    105.2632    -70.0000    177.0000     10.0000     10.0000     33.4328
     53.7665    152.9770    624.5580     57.8947    -70.0000    177.0000     10.0000      2.0000     30.5814
     53.6991    152.9830    624.5580      0.0000    -84.0000    177.0000     10.0000      8.0000     35.3285
     55.3133    152.7200    625.8610    105.2632    -74.0000    177.0000     10.0000      2.0000     16.2829
     55.2459    152.7270    625.8610      0.0000    -74.0000    177.0000     10.0000      9.0000     14.2238
     55.1785    152.7330    625.8610     57.8947   -110.0000    177.0000     10.0000      2.0000     11.7120
     55.1111    152.7390    625.8610    115.7895   -110.0000    177.0000     10.0000      3.0000     11.4111
     55.0437    152.7450    625.8610    115.7895    -76.0000    177.0000     10.0000      3.0000      9.1913
     54.9763    152.7510    625.8610     57.8947   -106.0000    177.0000     10.0000      2.0000      7.9939
     54.9089    152.7570    625.8610      0.0000    -72.0000    177.0000     10.0000     10.0000      7.9509
     54.8415    152.7630    625.8610     57.8947    -70.0000    177.0000     10.0000      2.0000      8.5287
     54.7741    152.7700    625.8610    115.7895    -84.0000    177.0000     10.0000      3.0000      9.9795
     54.7067    152.7760    625.8610     57.8947    -96.0000    177.0000     10.0000      3.0000     10.0982
     54.6393    152.7820    625.8610     57.8947   -104.0000    177.0000     10.0000      3.0000     10.2122
     54.5719    152.7880    625.8610      0.0000   -108.0000    177.0000     10.0000      3.0000     10.2479
     54.5045    152.7940    625.8610     57.8947   -110.0000    177.0000     10.0000      2.0000     11.7419
     54.4371    152.8000    625.8610    115.7895    -76.0000    177.0000     10.0000      2.0000     12.7508
     54.3697    152.8060    625.8610    173.6842   -110.0000    177.0000     10.0000      2.0000     14.4900
     54.3023    152.8130    625.8610      0.0000   -100.0000    177.0000     10.0000      2.0000     20.0801
     54.2349    152.8190    625.8610      0.0000   -106.0000    177.0000     10.0000      3.0000     18.9245
     54.1675    152.8250    625.8610    173.6842   -110.0000    177.0000     10.0000      2.0000     19.0092
     54.1001    152.8310    625.8610    115.7895    -72.0000    177.0000     10.0000      2.0000     22.9289
     54.0327    152.8370    625.8610      0.0000    -80.0000    177.0000     10.0000      1.0000     22.1610
     53.9653    152.8430    625.8610     57.8947    -72.0000    177.0000     10.0000      3.0000     25.7441
     53.8979    152.8490    625.8610      0.0000   -102.0000    177.0000     10.0000     10.0000     24.7411
     53.8305    152.8550    625.8610     57.8947    -70.0000    177.0000     10.0000      7.0000     30.0886
     53.7631    152.8620    625.8610      0.0000    -76.0000    177.0000     10.0000      5.0000     36.0291
     53.6957    152.8680    625.8610      0.0000    -96.0000    177.0000     10.0000      1.0000     35.7819
     55.3098    152.6050    627.1630    105.2632   -100.0000    177.0000     10.0000      2.0000     16.0187
     55.2424    152.6110    627.1630      0.0000    -94.0000    177.0000     10.0000      1.0000     17.0020
     55.1750    152.6170    627.1630      0.0000   -110.0000    177.0000     10.0000      9.0000     12.6656
     55.1076    152.6230    627.1630    105.2632   -108.0000    177.0000     10.0000      2.0000     11.6016
     55.0402    152.6300    627.1630      0.0000    -80.0000    177.0000     10.0000      4.0000     11.3129
     54.9728    152.6360    627.1630      0.0000   -110.0000    177.0000     10.0000      5.0000     10.9220
     54.9054    152.6420    627.1630      0.0000   -110.0000    177.0000     10.0000      9.0000      9.4261
     54.8380    152.6480    627.1630    105.2632    -70.0000    177.0000     10.0000      2.0000     11.3963
     54.7706    152.6540    627.1630    105.2632    -70.0000    177.0000     10.0000      2.0000     11.3208
     54.7032    152.6600    627.1630      0.0000    -82.0000    177.0000     10.0000      9.0000     10.3567
     54.6358    152.6660    627.1630      0.0000    -96.0000    177.0000     10.0000      8.0000     10.8483
     54.5684    152.6730    627.1630      0.0000   -108.0000    177.0000     10.0000     10.0000     14.3874
     54.5010    152.6790    627.1630      0.0000   -108.0000    177.0000     10.0000      2.0000     13.9884
     54.4336    152.6850    627.1630      0.0000    -92.0000    177.0000     10.0000      6.0000     17.7893
     54.3662    152.6910    627.1630      0.0000    -86.0000    177.0000     10.0000      6.0000     17.2206
     54.2988    152.6970    627.1630      0.0000    -90.0000    177.0000     10.0000      1.0000     18.2415
     54.2314    152.7030    627.1630      0.0000   -102.0000    177.0000     10.0000      9.0000     21.6001
     54.1640    152.7090    627.1630      0.0000   -102.0000    177.0000     10.0000      1.0000     24.0781
     54.0966    152.7160    627.1630      0.0000    -92.0000    177.0000     10.0000      1.0000     20.7326
     54.0292    152.7220    627.1630      0.0000    -96.0000    177.0000     10.0000      6.0000     22.8023
     53.9618    152.7280    627.1630    105.2632    -70.0000    177.0000     10.0000      2.0000     25.6792
     53.8944    152.7340    627.1630    105.2632    -70.0000    177.0000     10.0000      2.0000     28.1011
     53.8270    152.7400    627.1630    105.2632    -70.0000    177.0000     10.0000      2.0000     30.6777
     53.7596    152.7460    627.1630      0.0000    -74.0000    177.0000     10.0000      1.0000     29.1322
     53.6922    152.7520    627.1630      0.0000    -72.0000    177.0000     10.0000      7.0000     33.3096